[namelist:lbc_grid]
dlat=0.110000
dlong=0.110000
input_data='$CREATEBC_INPUT/globalchem_eg/globalchem_006',
          ='$CREATEBC_INPUT/globalchem_eg/globalchem_012',
nlat=182
nlong=146
num_levels=63
q_min=2.5e-6
start_lat=-8.465
start_long=352.895
stash_codes=2,3,4,10,12,33,150,253,254,255,266,267,268,431,432,433,434,
           =435,436,101,103,104,105,108,109,110,114,115,116,117,118,
           =34001,34002,34004,34007,34009,34010,34011,34014,34017,34018
vertical_levels_file='$UM_INSTALL_DIR/vn$VN/ctldata/vert/vertlevs_L63_50t_13s_40km'
